HW1
1.3
1.8
1.11
2.2
2.4
2.10
2.14
3.3
3.8
3.10
3.12
4.1
4.4
4.6
4.10


HW2
5.2
5.5
5.7
5.10
6.3
6.8
6.9
6.10
7.2
7.4
7.6
7.10


HW3
8.2
8.3
8.8
8.9
9.3
9.4
9.6
9.13
9.17
10.1
10.3
10.4
10.5
10.9
11.2
11.5
11.9
11.11
11.12


HW4
12.3
12.8
12.9
12.12
12.14
13.2
13.3
13.9
14.3
14.5
14.6
14.9
15.3
15.5
15.9

HW5
16.1
16.3
16.4
16.6
16.7
17.1
17.4
17.5
17.6
17.7
17.8
17.12

HW6
18.2
18.3
18.7
18.8
19.5
19.7
19.8
20.3
20.5
20.8
20.12
21.2
21.4
21.7
21.9

HW7
22.5
22.7
22.8
22.11
23.4
23.7
23.10
24.4
24.5
24.7
24.10
25.1
25.3
25.5
25.8
26.3
26.5
26.8
